                                ## For r = 3 ##
| h          | dis        | alpha                        | w          | d          |
| 0          | 1.0133     |[0.357770,0.284460,0.357770  ]| 1.00478    | 0.131143   |
| 0.1        | 1.01328    |[0.357560,0.284880,0.357560  ]| 1.00476    | 0.131144   |
| 0.2        | 1.0132     |[0.355787,0.288426,0.355787  ]| 1.00468    | 0.131169   |
| 0.3        | 1.01321    |[0.356388,0.287225,0.356388  ]| 1.00469    | 0.131157   |
| 0.4        | 1.01321    |[0.356371,0.287257,0.356371  ]| 1.00468    | 0.131157   |
| 0.5        | 1.0132     |[0.356124,0.287752,0.356124  ]| 1.00468    | 0.131162   |
| 0.6        | 1.01321    |[0.356224,0.287553,0.356224  ]| 1.00468    | 0.13116    |
| 0.7        | 1.0132     |[0.356052,0.287897,0.356052  ]| 1.00468    | 0.131163   |
| 0.8        | 1.01322    |[0.355016,0.289967,0.355016  ]| 1.0047     | 0.131189   |
| 0.9        | 1.0132     |[0.356109,0.287782,0.356109  ]| 1.00468    | 0.131162   |
| 1          | 1.0132     |[0.355912,0.288176,0.355912  ]| 1.00468    | 0.131166   |

| h*         | J          | w          | d          |
| 1          | 1.00468    | 1.00468    | 0.131166   |

                                ## For r = 5 ##
| h          | dis        | alpha                                        | w          | d          |
| 0          | 0.987329   |[0.446506,0.188220,0.067999,0.188220,0.446506]| 0.976281   | 0.147292   |
| 0.1        | 0.844798   |[0.339944,0.180705,0.169304,0.180705,0.339944]| 0.830074   | 0.157035   |
| 0.2        | 0.830169   |[0.287935,0.190264,0.169955,0.190264,0.287935]| 0.814355   | 0.161269   |
| 0.3        | 0.823885   |[0.318347,0.208487,0.183176,0.208487,0.318347]| 0.807476   | 0.16361    |
| 0.4        | 0.823653   |[0.282032,0.211892,0.168827,0.211892,0.282032]| 0.807348   | 0.163073   |
| 0.5        | 0.819076   |[0.245754,0.217072,0.205810,0.217072,0.245754]| 0.80124    | 0.169999   |
| 0.6        | 0.826268   |[0.340235,0.209042,0.208608,0.209042,0.340235]| 0.808363   | 0.171077   |
| 0.7        | 0.816307   |[0.295687,0.229053,0.225670,0.229053,0.295687]| 0.796144   | 0.180309   |
| 0.8        | 0.82412    |[0.255916,0.264625,0.221552,0.264625,0.255916]| 0.802261   | 0.18855    |
| 0.9        | 0.816805   |[0.268924,0.248395,0.212977,0.248395,0.268924]| 0.796586   | 0.180614   |
| 1          | 0.816456   |[0.302047,0.228405,0.194066,0.228405,0.302047]| 0.798443   | 0.170556   |

| h*         | J          | w          | d          |
| 0.7        | 0.611393   | 0.796144   | 0.180309   |